CU990593.p.cg.6	Phel_contig_1224	72.591	467	108	18	568	1021	1482	1023	1.12e-031	135
CU993407.p.cg.6	Phel_contig_7615	73.413	252	58	9	327	574	392	146	6.09e-017	86.1
CX739463.p.cg.6	Phel_contig_2347	89.706	68	7	0	287	354	1106	1039	8.61e-018	87.9
AM855436.p.cg.6	Phel_contig_7179	77.060	619	137	5	19	634	1991	1375	4.93e-097	351
DW713843.p.cg.6	Phel_contig_3298	72.894	273	60	9	45	311	1234	1498	1.06e-015	82.4
ES789565.p.cg.6	Phel_contig_3298	71.957	649	145	31	193	821	878	1509	9.85e-038	156
FP007079.p.cg.6	Phel_contig_5166	77.287	317	70	2	7	322	1461	1146	2.72e-047	185
EX956413.p.cg.6	Phel_contig_10349	75.524	143	31	4	39	179	4904	5044	5.63e-012	67.6
AM859922.p.cg.6	Phel_contig_1224	73.585	371	90	6	3	369	1444	1078	3.07e-032	135
AB122065.p.cg.6	Phel_contig_4833	92.683	41	3	0	1287	1327	123	83	1.48e-008	60.2
AM853253.p.cg.6	Phel_contig_831	85.714	84	8	4	132	213	1480	1561	5.48e-017	86.1
EW778055.p.cg.6	Phel_contig_3298	72.247	454	101	22	225	661	995	1440	2.14e-026	117
CX739641.p.cg.6	Phel_contig_8899	84.410	712	110	1	531	1241	1	712	0.0	701
BG467399.p.cg.6	Phel_contig_2347	79.957	928	177	9	70	993	184	1106	0.0	678
CU990725.p.cg.6	Phel_contig_3071	75.090	277	63	6	6	279	2298	2571	2.40e-028	124
BQ426531.p.cg.6	Phel_contig_2347	81.974	932	164	4	51	981	178	1106	0.0	791
CU685786.p.cg.6	Phel_contig_2347	89.706	68	7	0	291	358	1106	1039	1.29e-017	87.9
U10334.p.cg.6	Phel_contig_8954	73.652	2133	536	23	394	2513	1006	3125	0.0	802
BQ426322.p.cg.6	Phel_contig_8899	83.780	709	112	3	179	885	1	708	0.0	671
